100280
100634
10071
100982
101138
101212
101236
101241
101318
101425
101502
101718
102277
103104
10331
103831
103963
104175
104322
10450
104757
104762
105233
105274
105505
105812
106969
107717
107888
108129
108328
108404
109014
109392
109599
109808
109880
110224
110276
1104
110505
111196
111595
111598
111663
111675
111774
111859
112009
112115
112161
112260
113312
114838
115124
115213
115275
115305
11543
115702
115930
117123
117528
117808
117819
118311
118494
11862
119367
119780
12016
120249
120343
120462
120504
120768
120841
120954
121011
121385
121759
123509
123528
124309
12477
124913
124998
125015
126058
12647
126547
126671
12693
127357
127358
127535
127628
127629
127738
127766
127980
128039
12844
128606
128666
128709
128958
129770
130004
130183
130283
130386
13047
130520
131042
131649
131955
132397
132567
132570
132715
132829
133002
133011
133843
134210
134872
134939
135375
135613
135664
136221
13628
136712
136847
136991
137229
137662
138248
138360
138476
138598
138599
138692
138820
138999
139
139324
139557
139996
140276
140564
140590
141480
142387
14262
143174
143667
144259
144355
144593
145069
145120
145198
145268
145543
145897
145925
146145
146294
146341
146480
146626
146675
146749
146776
146872
147078
147176
147208
147365
147513
147592
147974
148292
148310
149054
149486
149617
149957
150336
150668
150849
150998
15100
151254
151731
152502
152557
153031
153033
153069
153163
153412
153446
153700
153943
154670
154694
154880
15518
155582
155981
156009
156278
15646
15688
157352
157383
15833
158663
158713
159300
15968
160237
160557
161261
161294
161479
161722
161893
16217
163184
163215
163307
163537
163919
164061
164996
165138
165431
165595
166107
166498
167913
167918
168772
169384
169468
16963
16970
170004
170033
170229
170338
170373
170774
170900
171044
171061
171067
171117
171140
171626
172700
173022
173148
173556
17415
174351
174563
175149
175254
176349
17665
177586
1776
177682
177780
178027
178295
17848
178698
178870
179034
179103
179457
179550
17960
180042
180111
18012
180238
180341
180376
180420
180667
181082
181130
181261
181345
181739
181764
181809
181947
182537
182693
182916
183422
183843
184452
184465
184501
184566
184757
184760
184883
185182
185274
18562
185634
186094
186221
186286
186586
186724
186728
186987
187057
18751
187875
188184
188228
188647
188681
188866
189000
189218
189371
18987
189915
189937
190074
190106
190665
191493
191978
192201
192334
192524
192746
193738
193745
19402
194043
194265
195909
197020
197579
198047
198674
198849
198895
199344
199613
200101
200219
200402
200475
200548
200642
201306
201462
201493
201559
202289
202307
202351
202596
20408
20516
21103
21315
2147
21482
21722
21923
22418
22511
22601
23060
2310
23293
2349
23578
2361
2417
24199
25174
25222
25226
2559
25847
26124
26266
26516
26566
26687
26717
26841
27428
27526
27729
2776
27791
27945
28040
28366
28444
28947
28949
28986
29226
29263
29367
29410
29496
29537
29560
29583
30112
30239
30443
31180
31546
31800
31833
32432
32493
32864
33555
33658
33673
34037
34328
3485
34896
34930
34971
3583
35949
36012
36134
36264
36275
36279
36334
36419
36450
36691
36882
37040
37113
37644
37972
3802
38248
3957
39970
40002
40652
40979
41167
41720
41768
41991
42177
43210
43371
43568
43695
44119
44157
44201
44452
44486
44697
44958
45173
46515
47147
4728
4822
48385
48524
48632
48714
48983
49243
49488
49898
50198
50271
5035
50581
50920
50956
51151
51159
51192
51212
51242
51266
51418
51427
5156
51862
52029
52037
52554
5268
52853
53001
53119
53617
53820
53929
53956
54157
54274
54449
54633
55036
55577
56536
56582
56622
56859
56986
57175
57290
57630
5785
57897
57915
57973
58389
58642
59200
59284
5942
59471
59586
61054
61864
62096
62533
63350
63498
64122
6429
64696
6493
65150
65268
65312
65882
65986
66249
6712
67557
67933
68857
689
69089
69138
69172
69627
70404
7065
70730
70967
71003
71094
71702
71955
71977
72135
72761
72878
72941
73102
73122
73455
73529
7357
73971
74274
74876
75222
75322
75337
75501
75655
75684
7618
76428
76502
77094
77222
77382
77417
77427
77586
77732
78006
78156
78248
79518
79867
8009
80133
80274
80286
8078
80929
81015
81110
813
81581
81702
81728
81789
82145
83247
83552
83972
84096
84147
84212
84853
84966
85261
85374
854
85910
85928
85931
86026
86222
86529
87083
87097
87381
87404
87461
87935
88124
88231
88553
8856
89002
89596
89702
90071
90175
90748
90998
91110
91284
91505
91777
92377
92690
92946
93604
93683
9388
93975
94332
94624
94764
94931
951
95356
96020
96325
96349
96421
96520
96524
96525
96567
96653
97306
97342
97345
97654
98136
98900
98917
99003
99049
99059
99515
99598
99872
99931
