136847
136847
136847
136847
136847
136847
136847
136847
136847
110276
110276
110276
110276
110276
110276
110276
110276
110276
23060
23060
23060
23060
23060
23060
23060
23060
29537
29537
29537
29537
29537
29537
29537
29537
120768
120768
120768
120768
120768
120768
120768
120768
108129
108129
108129
108129
108129
108129
108129
108129
78156
78156
78156
78156
78156
78156
78156
78156
78156
43210
43210
43210
43210
43210
43210
43210
43210
43210
121759
121759
121759
121759
121759
121759
121759
121759
121759
161893
161893
161893
161893
161893
161893
161893
161893
55177
55177
55177
55177
55177
55177
55177
55177
169468
169468
169468
169468
169468
169468
169468
169468
169468
88124
88124
88124
88124
88124
88124
88124
88124
88124
71094
71094
71094
71094
71094
71094
71094
71094
50920
50920
50920
50920
50920
50920
50920
50920
50920
29367
29367
29367
29367
29367
29367
29367
29367
29367
16217
16217
16217
16217
16217
16217
16217
16217
16217
156021
156021
156021
156021
156021
156021
156021
156021
156021
136221
136221
136221
136221
136221
136221
136221
136221
79867
79867
79867
79867
79867
79867
79867
79867
96653
96653
96653
96653
96653
96653
96653
96653
40276
40276
40276
40276
40276
40276
40276
40276
40276
31833
31833
31833
31833
31833
31833
31833
31833
31833
201306
201306
201306
201306
201306
201306
201306
201306
201306
101318
101318
101318
101318
101318
101318
101318
101318
163919
163919
163919
163919
163919
163919
163919
163919
123509
123509
123509
123509
123509
123509
123509
123509
84147
84147
84147
84147
84147
84147
84147
84147
84147
73102
73102
73102
73102
73102
73102
73102
73102
73102
44958
44958
44958
44958
44958
44958
44958
44958
44958
165500
165500
165500
165500
165500
165500
165500
165500
145069
145069
145069
145069
145069
145069
145069
145069
110505
110505
110505
110505
110505
110505
110505
110505
28949
28949
28949
28949
28949
28949
28949
28949
28949
27526
27526
27526
27526
27526
27526
27526
27526
197579
197579
197579
197579
197579
197579
197579
197579
197579
178870
178870
178870
178870
178870
178870
178870
178870
170373
170373
170373
170373
170373
170373
170373
170373
143667
143667
143667
143667
143667
143667
143667
143667
120023
120023
120023
120023
120023
120023
120023
120023
120023
48524
48524
48524
48524
48524
48524
48524
48524
48524
106969
106969
106969
106969
106969
106969
106969
106969
106969
156009
156009
156009
156009
156009
156009
156009
156009
156009
139982
139982
139982
139982
139982
139982
139982
139982
56859
56859
56859
56859
56859
56859
56859
56859
56859
75684
75684
75684
75684
75684
75684
75684
75684
75684
38357
38357
38357
38357
38357
38357
38357
38357
32864
32864
32864
32864
32864
32864
32864
32864
32864
10331
10331
10331
10331
10331
10331
10331
10331
10331
130386
130386
130386
130386
130386
130386
130386
130386
130386
104757
104757
104757
104757
104757
104757
104757
104757
104757
31800
31800
31800
31800
31800
31800
31800
31800
341
341
341
341
341
341
341
341
341
96567
96567
96567
96567
96567
96567
96567
96567
96567
155532
155532
155532
155532
155532
155532
155532
155532
199613
199613
199613
199613
199613
199613
199613
199613
199613
144355
144355
144355
144355
144355
144355
144355
144355
144355
170229
170229
170229
170229
170229
170229
170229
170229
99515
99515
99515
99515
99515
99515
99515
99515
120556
120556
120556
120556
120556
120556
120556
120556
28040
28040
28040
28040
28040
28040
28040
28040
139557
139557
139557
139557
139557
139557
139557
139557
139557
96325
96325
96325
96325
96325
96325
96325
96325
96325
32493
32493
32493
32493
32493
32493
32493
32493
44486
44486
44486
44486
44486
44486
44486
44486
44486
73455
73455
73455
73455
73455
73455
73455
73455
27428
27428
27428
27428
27428
27428
27428
27428
27428
15688
15688
15688
15688
15688
15688
15688
15688
81789
81789
81789
81789
81789
81789
81789
81789
81789
198674
198674
198674
198674
198674
198674
198674
198674
198674
172700
172700
172700
172700
172700
172700
172700
172700
67933
67933
67933
67933
67933
67933
67933
67933
36134
36134
36134
36134
36134
36134
36134
36134
15968
15968
15968
15968
15968
15968
15968
15968
15968
2093
2093
2093
2093
2093
2093
2093
2093
2093
186586
186586
186586
186586
186586
186586
186586
186586
146341
146341
146341
146341
146341
146341
146341
146341
74274
74274
74274
74274
74274
74274
74274
74274
74274
36450
36450
36450
36450
36450
36450
36450
36450
36450
26566
26566
26566
26566
26566
26566
26566
26566
26566
151254
151254
151254
151254
151254
151254
151254
151254
29560
29560
29560
29560
29560
29560
29560
29560
29560
15646
15646
15646
15646
15646
15646
15646
15646
15646
112009
112009
112009
112009
112009
112009
112009
112009
2361
2361
2361
2361
2361
2361
2361
2361
56986
56986
56986
56986
56986
56986
56986
56986
56986
91284
91284
91284
91284
91284
91284
91284
91284
28366
28366
28366
28366
28366
28366
28366
28366
21923
21923
21923
21923
21923
21923
21923
21923
83972
83972
83972
83972
83972
83972
83972
83972
83972
51151
51151
51151
51151
51151
51151
51151
51151
7065
7065
7065
7065
7065
7065
7065
7065
7065
18987
18987
18987
18987
18987
18987
18987
18987
29583
29583
29583
29583
29583
29583
29583
29583
29583
160557
160557
160557
160557
160557
160557
160557
160557
160557
183422
183422
183422
183422
183422
183422
183422
183422
198047
198047
198047
198047
198047
198047
198047
198047
198047
55007
55007
55007
55007
55007
55007
55007
55007
55007
34930
34930
34930
34930
34930
34930
34930
34930
30443
30443
30443
30443
30443
30443
30443
30443
30443
156278
156278
156278
156278
156278
156278
156278
156278
154670
154670
154670
154670
154670
154670
154670
154670
145134
145134
145134
145134
145134
145134
145134
145134
77417
77417
77417
77417
77417
77417
77417
77417
72759
72759
72759
72759
72759
72759
72759
72759
72759
53632
53632
53632
53632
53632
53632
53632
53632
53632
198849
198849
198849
198849
198849
198849
198849
198849
190665
190665
190665
190665
190665
190665
190665
190665
190665
65268
65268
65268
65268
65268
65268
65268
65268
87532
87532
87532
87532
87532
87532
87532
87532
87532
93975
93975
93975
93975
93975
93975
93975
93975
85928
85928
85928
85928
85928
85928
85928
85928
85928
153069
153069
153069
153069
153069
153069
153069
153069
153069
189915
189915
189915
189915
189915
189915
189915
189915
113312
113312
113312
113312
113312
113312
113312
113312
127766
127766
127766
127766
127766
127766
127766
127766
124913
124913
124913
124913
124913
124913
124913
124913
124913
48177
48177
48177
48177
48177
48177
48177
48177
53617
53617
53617
53617
53617
53617
53617
53617
97342
97342
97342
97342
97342
97342
97342
97342
105274
105274
105274
105274
105274
105274
105274
105274
117819
117819
117819
117819
117819
117819
117819
117819
117819
176805
176805
176805
176805
176805
176805
176805
176805
184566
184566
184566
184566
184566
184566
184566
184566
184566
189371
189371
189371
189371
189371
189371
189371
189371
131955
131955
131955
131955
131955
131955
131955
131955
127358
127358
127358
127358
127358
127358
127358
127358
127358
149054
149054
149054
149054
149054
149054
149054
149054
150849
150849
150849
150849
150849
150849
150849
150849
69089
69089
69089
69089
69089
69089
69089
69089
69089
100634
100634
100634
100634
100634
100634
100634
100634
163307
163307
163307
163307
163307
163307
163307
163307
163307
148970
148970
148970
148970
148970
148970
148970
148970
148970
126058
126058
126058
126058
126058
126058
126058
126058
145120
145120
145120
145120
145120
145120
145120
145120
81728
81728
81728
81728
81728
81728
81728
81728
81728
70686
70686
70686
70686
70686
70686
70686
70686
20516
20516
20516
20516
20516
20516
20516
20516
13047
13047
13047
13047
13047
13047
13047
13047
115124
115124
115124
115124
115124
115124
115124
115124
115124
176349
176349
176349
176349
176349
176349
176349
176349
123528
123528
123528
123528
123528
123528
123528
123528
123528
147365
147365
147365
147365
147365
147365
147365
147365
147365
124309
124309
124309
124309
124309
124309
124309
124309
132567
132567
132567
132567
132567
132567
132567
132567
132567
104175
104175
104175
104175
104175
104175
104175
104175
104175
96520
96520
96520
96520
96520
96520
96520
96520
1776
1776
1776
1776
1776
1776
1776
1776
1776
36012
36012
36012
36012
36012
36012
36012
36012
56622
56622
56622
56622
56622
56622
56622
56622
56622
146749
146749
146749
146749
146749
146749
146749
146749
69627
69627
69627
69627
69627
69627
69627
69627
69627
94764
94764
94764
94764
94764
94764
94764
94764
94764
36882
36882
36882
36882
36882
36882
36882
36882
36882
111859
111859
111859
111859
111859
111859
111859
111859
198351
198351
198351
198351
198351
198351
198351
198351
153033
153033
153033
153033
153033
153033
153033
153033
153033
145268
145268
145268
145268
145268
145268
145268
145268
138599
138599
138599
138599
138599
138599
138599
138599
138599
57175
57175
57175
57175
57175
57175
57175
57175
93683
93683
93683
93683
93683
93683
93683
93683
103831
103831
103831
103831
103831
103831
103831
103831
103831
175254
175254
175254
175254
175254
175254
175254
175254
175254
181082
181082
181082
181082
181082
181082
181082
181082
117528
117528
117528
117528
117528
117528
117528
117528
117528
136712
136712
136712
136712
136712
136712
136712
136712
166107
166107
166107
166107
166107
166107
166107
166107
166107
59853
59853
59853
59853
59853
59853
59853
59853
59853
34896
34896
34896
34896
34896
34896
34896
34896
153412
153412
153412
153412
153412
153412
153412
153412
153700
153700
153700
153700
153700
153700
153700
153700
153700
188647
188647
188647
188647
188647
188647
188647
188647
201462
201462
201462
201462
201462
201462
201462
201462
201462
170774
170774
170774
170774
170774
170774
170774
170774
170774
135613
135613
135613
135613
135613
135613
135613
135613
135613
57897
57897
57897
57897
57897
57897
57897
57897
57897
83247
83247
83247
83247
83247
83247
83247
83247
93521
93521
93521
93521
93521
93521
93521
93521
93521
96524
96524
96524
96524
96524
96524
96524
96524
57195
57195
57195
57195
57195
57195
57195
57195
26124
26124
26124
26124
26124
26124
26124
26124
26124
53929
53929
53929
53929
53929
53929
53929
53929
53929
36279
36279
36279
36279
36279
36279
36279
36279
36279
37046
37046
37046
37046
37046
37046
37046
37046
37046
171117
171117
171117
171117
171117
171117
171117
171117
171117
173556
173556
173556
173556
173556
173556
173556
173556
173556
133119
133119
133119
133119
133119
133119
133119
133119
52853
52853
52853
52853
52853
52853
52853
52853
8078
8078
8078
8078
8078
8078
8078
8078
8078
9745
9745
9745
9745
9745
9745
9745
9745
9745
20679
20679
20679
20679
20679
20679
20679
20679
20679
26516
26516
26516
26516
26516
26516
26516
26516
98917
98917
98917
98917
98917
98917
98917
98917
98917
103104
103104
103104
103104
103104
103104
103104
103104
103104
108218
108218
108218
108218
108218
108218
108218
108218
108218
2349
2349
2349
2349
2349
2349
2349
2349
5108
5108
5108
5108
5108
5108
5108
5108
5108
195909
195909
195909
195909
195909
195909
195909
195909
195909
118450
118450
118450
118450
118450
118450
118450
118450
119367
119367
119367
119367
119367
119367
119367
119367
128958
128958
128958
128958
128958
128958
128958
128958
61864
61864
61864
61864
61864
61864
61864
61864
61864
86026
86026
86026
86026
86026
86026
86026
86026
75322
75322
75322
75322
75322
75322
75322
75322
75322
39970
39970
39970
39970
39970
39970
39970
39970
39970
87461
87461
87461
87461
87461
87461
87461
87461
87461
164061
164061
164061
164061
164061
164061
164061
164061
101236
101236
101236
101236
101236
101236
101236
101236
56536
56536
56536
56536
56536
56536
56536
56536
54633
54633
54633
54633
54633
54633
54633
54633
54633
67557
67557
67557
67557
67557
67557
67557
67557
67557
71977
71977
71977
71977
71977
71977
71977
71977
71977
85374
85374
85374
85374
85374
85374
85374
85374
85374
1287
1287
1287
1287
1287
1287
1287
1287
1287
26841
26841
26841
26841
26841
26841
26841
26841
26841
188681
188681
188681
188681
188681
188681
188681
188681
188681
54157
54157
54157
54157
54157
54157
54157
54157
54157
84853
84853
84853
84853
84853
84853
84853
84853
84853
98136
98136
98136
98136
98136
98136
98136
98136
98136
21315
21315
21315
21315
21315
21315
21315
21315
21315
3887
3887
3887
3887
3887
3887
3887
3887
12844
12844
12844
12844
12844
12844
12844
12844
35793
35793
35793
35793
35793
35793
35793
35793
35793
191978
191978
191978
191978
191978
191978
191978
191978
191978
101241
101241
101241
101241
101241
101241
101241
101241
101241
170004
170004
170004
170004
170004
170004
170004
170004
177586
177586
177586
177586
177586
177586
177586
177586
177586
45173
45173
45173
45173
45173
45173
45173
45173
40002
40002
40002
40002
40002
40002
40002
40002
40979
40979
40979
40979
40979
40979
40979
40979
10071
10071
10071
10071
10071
10071
10071
10071
10071
18012
18012
18012
18012
18012
18012
18012
18012
18012
167918
167918
167918
167918
167918
167918
167918
167918
167918
87083
87083
87083
87083
87083
87083
87083
87083
91505
91505
91505
91505
91505
91505
91505
91505
91505
102416
102416
102416
102416
102416
102416
102416
102416
102416
137113
137113
137113
137113
137113
137113
137113
137113
59586
59586
59586
59586
59586
59586
59586
59586
59586
87404
87404
87404
87404
87404
87404
87404
87404
87404
2559
2559
2559
2559
2559
2559
2559
2559
31075
31075
31075
31075
31075
31075
31075
31075
31075
39799
39799
39799
39799
39799
39799
39799
39799
39799
168342
168342
168342
168342
168342
168342
168342
168342
170091
170091
170091
170091
170091
170091
170091
170091
170091
181739
181739
181739
181739
181739
181739
181739
181739
181739
188866
188866
188866
188866
188866
188866
188866
188866
188866
167942
167942
167942
167942
167942
167942
167942
167942
125015
125015
125015
125015
125015
125015
125015
125015
125015
112115
112115
112115
112115
112115
112115
112115
112115
112115
148292
148292
148292
148292
148292
148292
148292
148292
134939
134939
134939
134939
134939
134939
134939
134939
55577
55577
55577
55577
55577
55577
55577
55577
1104
1104
1104
1104
1104
1104
1104
1104
104691
104691
104691
104691
104691
104691
104691
104691
180111
180111
180111
180111
180111
180111
180111
180111
180111
120343
120343
120343
120343
120343
120343
120343
120343
120343
147513
147513
147513
147513
147513
147513
147513
147513
58389
58389
58389
58389
58389
58389
58389
58389
58389
71702
71702
71702
71702
71702
71702
71702
71702
71702
97654
97654
97654
97654
97654
97654
97654
97654
12647
12647
12647
12647
12647
12647
12647
12647
18751
18751
18751
18751
18751
18751
18751
18751
18751
28444
28444
28444
28444
28444
28444
28444
28444
30112
30112
30112
30112
30112
30112
30112
30112
40652
40652
40652
40652
40652
40652
40652
40652
40652
165751
165751
165751
165751
165751
165751
165751
165751
165751
178271
178271
178271
178271
178271
178271
178271
178271
178271
182537
182537
182537
182537
182537
182537
182537
182537
109014
109014
109014
109014
109014
109014
109014
109014
109014
118783
118783
118783
118783
118783
118783
118783
118783
118783
110224
110224
110224
110224
110224
110224
110224
110224
53909
53909
53909
53909
53909
53909
53909
53909
53909
90071
90071
90071
90071
90071
90071
90071
90071
90071
85001
85001
85001
85001
85001
85001
85001
85001
85001
81581
81581
81581
81581
81581
81581
81581
81581
10763
10763
10763
10763
10763
10763
10763
10763
5785
5785
5785
5785
5785
5785
5785
5785
2310
2310
2310
2310
2310
2310
2310
2310
951
951
951
951
951
951
951
951
951
25747
25747
25747
25747
25747
25747
25747
25747
155329
155329
155329
155329
155329
155329
155329
155329
155329
181130
181130
181130
181130
181130
181130
181130
181130
186221
186221
186221
186221
186221
186221
186221
186221
182683
182683
182683
182683
182683
182683
182683
182683
182683
111675
111675
111675
111675
111675
111675
111675
111675
111675
79518
79518
79518
79518
79518
79518
79518
79518
71093
71093
71093
71093
71093
71093
71093
71093
87935
87935
87935
87935
87935
87935
87935
87935
92377
92377
92377
92377
92377
92377
92377
92377
19402
19402
19402
19402
19402
19402
19402
19402
53820
53820
53820
53820
53820
53820
53820
53820
53820
59612
59612
59612
59612
59612
59612
59612
59612
59612
171061
171061
171061
171061
171061
171061
171061
171061
154880
154880
154880
154880
154880
154880
154880
154880
154880
193738
193738
193738
193738
193738
193738
193738
193738
190106
190106
190106
190106
190106
190106
190106
190106
152557
152557
152557
152557
152557
152557
152557
152557
127535
127535
127535
127535
127535
127535
127535
127535
127535
134872
134872
134872
134872
134872
134872
134872
134872
126547
126547
126547
126547
126547
126547
126547
126547
126547
143174
143174
143174
143174
143174
143174
143174
143174
143174
136991
136991
136991
136991
136991
136991
136991
136991
136991
81015
81015
81015
81015
81015
81015
81015
81015
81015
89259
89259
89259
89259
89259
89259
89259
89259
106151
106151
106151
106151
106151
106151
106151
106151
101718
101718
101718
101718
101718
101718
101718
101718
52686
52686
52686
52686
52686
52686
52686
52686
52686
48385
48385
48385
48385
48385
48385
48385
48385
48385
10839
10839
10839
10839
10839
10839
10839
10839
6493
6493
6493
6493
6493
6493
6493
6493
6493
5156
5156
5156
5156
5156
5156
5156
5156
5156
40204
40204
40204
40204
40204
40204
40204
40204
40204
36419
36419
36419
36419
36419
36419
36419
36419
36419
33658
33658
33658
33658
33658
33658
33658
33658
109808
109808
109808
109808
109808
109808
109808
109808
174563
174563
174563
174563
174563
174563
174563
174563
174563
183843
183843
183843
183843
183843
183843
183843
183843
200101
200101
200101
200101
200101
200101
200101
200101
200101
194043
194043
194043
194043
194043
194043
194043
194043
192334
192334
192334
192334
192334
192334
192334
192334
192334
126290
126290
126290
126290
126290
126290
126290
126290
146294
146294
146294
146294
146294
146294
146294
146294
146294
65986
65986
65986
65986
65986
65986
65986
65986
65986
69138
69138
69138
69138
69138
69138
69138
69138
52037
52037
52037
52037
52037
52037
52037
52037
52037
94332
94332
94332
94332
94332
94332
94332
94332
51266
51266
51266
51266
51266
51266
51266
51266
22511
22511
22511
22511
22511
22511
22511
22511
51192
51192
51192
51192
51192
51192
51192
51192
51192
35535
35535
35535
35535
35535
35535
35535
35535
35535
31546
31546
31546
31546
31546
31546
31546
31546
124292
124292
124292
124292
124292
124292
124292
124292
124292
109392
109392
109392
109392
109392
109392
109392
109392
104322
104322
104322
104322
104322
104322
104322
104322
104322
57290
57290
57290
57290
57290
57290
57290
57290
57290
48983
48983
48983
48983
48983
48983
48983
48983
48983
78248
78248
78248
78248
78248
78248
78248
78248
20408
20408
20408
20408
20408
20408
20408
20408
5268
5268
5268
5268
5268
5268
5268
5268
5268
689
689
689
689
689
689
689
689
689
26266
26266
26266
26266
26266
26266
26266
26266
26195
26195
26195
26195
26195
26195
26195
26195
26195
85910
85910
85910
85910
85910
85910
85910
85910
85910
167764
167764
167764
167764
167764
167764
167764
167764
167764
158663
158663
158663
158663
158663
158663
158663
158663
158663
171140
171140
171140
171140
171140
171140
171140
171140
171140
193419
193419
193419
193419
193419
193419
193419
193419
193419
101138
101138
101138
101138
101138
101138
101138
101138
101138
99003
99003
99003
99003
99003
99003
99003
99003
99003
97345
97345
97345
97345
97345
97345
97345
97345
97345
97306
97306
97306
97306
97306
97306
97306
97306
97306
131042
131042
131042
131042
131042
131042
131042
131042
128666
128666
128666
128666
128666
128666
128666
128666
71003
71003
71003
71003
71003
71003
71003
71003
51862
51862
51862
51862
51862
51862
51862
51862
51862
105961
105961
105961
105961
105961
105961
105961
105961
105961
75655
75655
75655
75655
75655
75655
75655
75655
75655
10575
10575
10575
10575
10575
10575
10575
10575
813
813
813
813
813
813
813
813
25622
25622
25622
25622
25622
25622
25622
25622
25622
41720
41720
41720
41720
41720
41720
41720
41720
41720
36275
36275
36275
36275
36275
36275
36275
36275
171626
171626
171626
171626
171626
171626
171626
171626
193560
193560
193560
193560
193560
193560
193560
193560
193560
181345
181345
181345
181345
181345
181345
181345
181345
181345
121385
121385
121385
121385
121385
121385
121385
121385
121385
120462
120462
120462
120462
120462
120462
120462
120462
120462
119877
119877
119877
119877
119877
119877
119877
119877
119877
130183
130183
130183
130183
130183
130183
130183
130183
130183
90175
90175
90175
90175
90175
90175
90175
90175
90175
85658
85658
85658
85658
85658
85658
85658
85658
4728
4728
4728
4728
4728
4728
4728
4728
4728
854
854
854
854
854
854
854
854
98523
98523
98523
98523
98523
98523
98523
98523
98523
26907
26907
26907
26907
26907
26907
26907
26907
48632
48632
48632
48632
48632
48632
48632
48632
48632
29496
29496
29496
29496
29496
29496
29496
29496
182746
182746
182746
182746
182746
182746
182746
182746
177780
177780
177780
177780
177780
177780
177780
177780
165053
165053
165053
165053
165053
165053
165053
165053
184757
184757
184757
184757
184757
184757
184757
184757
184757
189218
189218
189218
189218
189218
189218
189218
189218
129741
129741
129741
129741
129741
129741
129741
129741
117808
117808
117808
117808
117808
117808
117808
117808
117808
101212
101212
101212
101212
101212
101212
101212
101212
155981
155981
155981
155981
155981
155981
155981
155981
155981
139785
139785
139785
139785
139785
139785
139785
139785
139785
145925
145925
145925
145925
145925
145925
145925
145925
145925
99931
99931
99931
99931
99931
99931
99931
99931
99931
18562
18562
18562
18562
18562
18562
18562
18562
3583
3583
3583
3583
3583
3583
3583
3583
3583
178544
178544
178544
178544
178544
178544
178544
178544
178544
161479
161479
161479
161479
161479
161479
161479
161479
161479
185274
185274
185274
185274
185274
185274
185274
185274
185274
115482
115482
115482
115482
115482
115482
115482
115482
115482
140564
140564
140564
140564
140564
140564
140564
140564
140564
73122
73122
73122
73122
73122
73122
73122
73122
51418
51418
51418
51418
51418
51418
51418
51418
51418
84096
84096
84096
84096
84096
84096
84096
84096
84096
77382
77382
77382
77382
77382
77382
77382
77382
75501
75501
75501
75501
75501
75501
75501
75501
75501
50271
50271
50271
50271
50271
50271
50271
50271
50271
4822
4822
4822
4822
4822
4822
4822
4822
4822
41768
41768
41768
41768
41768
41768
41768
41768
27945
27945
27945
27945
27945
27945
27945
27945
27945
161294
161294
161294
161294
161294
161294
161294
161294
154694
154694
154694
154694
154694
154694
154694
154694
202351
202351
202351
202351
202351
202351
202351
202351
104762
104762
104762
104762
104762
104762
104762
104762
96667
96667
96667
96667
96667
96667
96667
96667
96667
124998
124998
124998
124998
124998
124998
124998
124998
133002
133002
133002
133002
133002
133002
133002
133002
129770
129770
129770
129770
129770
129770
129770
129770
62533
62533
62533
62533
62533
62533
62533
62533
12693
12693
12693
12693
12693
12693
12693
12693
12693
15518
15518
15518
15518
15518
15518
15518
15518
15518
35949
35949
35949
35949
35949
35949
35949
35949
35949
185634
185634
185634
185634
185634
185634
185634
185634
185634
91110
91110
91110
91110
91110
91110
91110
91110
91110
200219
200219
200219
200219
200219
200219
200219
200219
200219
106147
106147
106147
106147
106147
106147
106147
106147
106147
147592
147592
147592
147592
147592
147592
147592
147592
147592
138360
138360
138360
138360
138360
138360
138360
138360
138360
130283
130283
130283
130283
130283
130283
130283
130283
72878
72878
72878
72878
72878
72878
72878
72878
80929
80929
80929
80929
80929
80929
80929
80929
67218
67218
67218
67218
67218
67218
67218
67218
102277
102277
102277
102277
102277
102277
102277
102277
87237
87237
87237
87237
87237
87237
87237
87237
87237
7618
7618
7618
7618
7618
7618
7618
7618
43371
43371
43371
43371
43371
43371
43371
43371
42177
42177
42177
42177
42177
42177
42177
42177
36586
36586
36586
36586
36586
36586
36586
36586
36586
170338
170338
170338
170338
170338
170338
170338
170338
158713
158713
158713
158713
158713
158713
158713
158713
158713
105505
105505
105505
105505
105505
105505
105505
105505
105505
201559
201559
201559
201559
201559
201559
201559
201559
201559
180238
180238
180238
180238
180238
180238
180238
180238
180238
108328
108328
108328
108328
108328
108328
108328
108328
108328
127738
127738
127738
127738
127738
127738
127738
127738
127738
62096
62096
62096
62096
62096
62096
62096
62096
62096
47793
47793
47793
47793
47793
47793
47793
47793
47793
94931
94931
94931
94931
94931
94931
94931
94931
94931
84212
84212
84212
84212
84212
84212
84212
84212
84212
78765
78765
78765
78765
78765
78765
78765
78765
78765
43018
43018
43018
43018
43018
43018
43018
43018
31180
31180
31180
31180
31180
31180
31180
31180
164996
164996
164996
164996
164996
164996
164996
164996
164996
96421
96421
96421
96421
96421
96421
96421
96421
96421
138820
138820
138820
138820
138820
138820
138820
138820
138820
66249
66249
66249
66249
66249
66249
66249
66249
65882
65882
65882
65882
65882
65882
65882
65882
65882
94624
94624
94624
94624
94624
94624
94624
94624
94624
80286
80286
80286
80286
80286
80286
80286
80286
80286
17174
17174
17174
17174
17174
17174
17174
17174
17174
45590
45590
45590
45590
45590
45590
45590
45590
44452
44452
44452
44452
44452
44452
44452
44452
30059
30059
30059
30059
30059
30059
30059
30059
30059
184501
184501
184501
184501
184501
184501
184501
184501
184501
200402
200402
200402
200402
200402
200402
200402
200402
197020
197020
197020
197020
197020
197020
197020
197020
197020
115213
115213
115213
115213
115213
115213
115213
115213
130004
130004
130004
130004
130004
130004
130004
130004
130004
139243
139243
139243
139243
139243
139243
139243
139243
138476
138476
138476
138476
138476
138476
138476
138476
138999
138999
138999
138999
138999
138999
138999
138999
82535
82535
82535
82535
82535
82535
82535
82535
109406
109406
109406
109406
109406
109406
109406
109406
63498
63498
63498
63498
63498
63498
63498
63498
63498
16001
16001
16001
16001
16001
16001
16001
16001
16001
10450
10450
10450
10450
10450
10450
10450
10450
7357
7357
7357
7357
7357
7357
7357
7357
59471
59471
59471
59471
59471
59471
59471
59471
54459
54459
54459
54459
54459
54459
54459
54459
54459
178698
178698
178698
178698
178698
178698
178698
178698
178698
186286
186286
186286
186286
186286
186286
186286
186286
190074
190074
190074
190074
190074
190074
190074
190074
186728
186728
186728
186728
186728
186728
186728
186728
122171
122171
122171
122171
122171
122171
122171
122171
147974
147974
147974
147974
147974
147974
147974
147974
147974
157352
157352
157352
157352
157352
157352
157352
157352
150668
150668
150668
150668
150668
150668
150668
150668
146872
146872
146872
146872
146872
146872
146872
146872
137662
137662
137662
137662
137662
137662
137662
137662
146480
146480
146480
146480
146480
146480
146480
146480
146480
53001
53001
53001
53001
53001
53001
53001
53001
46515
46515
46515
46515
46515
46515
46515
46515
46515
77732
77732
77732
77732
77732
77732
77732
77732
77732
70404
70404
70404
70404
70404
70404
70404
70404
70404
70045
70045
70045
70045
70045
70045
70045
70045
69172
69172
69172
69172
69172
69172
69172
69172
17665
17665
17665
17665
17665
17665
17665
17665
16970
16970
16970
16970
16970
16970
16970
16970
16970
11862
11862
11862
11862
11862
11862
11862
11862
36264
36264
36264
36264
36264
36264
36264
36264
36264
36264
25222
25222
25222
25222
25222
25222
25222
25222
169384
169384
169384
169384
169384
169384
169384
169384
169384
148295
148295
148295
148295
148295
148295
148295
148295
148295
193745
193745
193745
193745
193745
193745
193745
193745
174351
174351
174351
174351
174351
174351
174351
174351
181764
181764
181764
181764
181764
181764
181764
181764
181764
96525
96525
96525
96525
96525
96525
96525
96525
96525
92690
92690
92690
92690
92690
92690
92690
92690
92690
134210
134210
134210
134210
134210
134210
134210
134210
134210
64696
64696
64696
64696
64696
64696
64696
64696
57630
57630
57630
57630
57630
57630
57630
57630
55036
55036
55036
55036
55036
55036
55036
55036
55036
90748
90748
90748
90748
90748
90748
90748
90748
89596
89596
89596
89596
89596
89596
89596
89596
87381
87381
87381
87381
87381
87381
87381
87381
87381
17415
17415
17415
17415
17415
17415
17415
17415
17415
16277
16277
16277
16277
16277
16277
16277
16277
16277
22601
22601
22601
22601
22601
22601
22601
22601
22601
3802
3802
3802
3802
3802
3802
3802
3802
3802
2462
2462
2462
2462
2462
2462
2462
2462
2462
94670
94670
94670
94670
94670
94670
94670
94670
94670
34971
34971
34971
34971
34971
34971
34971
34971
34971
34328
34328
34328
34328
34328
34328
34328
34328
95356
95356
95356
95356
95356
95356
95356
95356
155582
155582
155582
155582
155582
155582
155582
155582
155582
171525
171525
171525
171525
171525
171525
171525
171525
171525
187875
187875
187875
187875
187875
187875
187875
187875
187057
187057
187057
187057
187057
187057
187057
187057
186987
186987
186987
186987
186987
186987
186987
186987
146626
146626
146626
146626
146626
146626
146626
146626
111595
111595
111595
111595
111595
111595
111595
111595
111595
99872
99872
99872
99872
99872
99872
99872
99872
137229
137229
137229
137229
137229
137229
137229
137229
126244
126244
126244
126244
126244
126244
126244
126244
77427
77427
77427
77427
77427
77427
77427
77427
50581
50581
50581
50581
50581
50581
50581
50581
17848
17848
17848
17848
17848
17848
17848
17848
8009
8009
8009
8009
8009
8009
8009
8009
8009
2776
2776
2776
2776
2776
2776
2776
2776
2776
23578
23578
23578
23578
23578
23578
23578
23578
23578
159300
159300
159300
159300
159300
159300
159300
159300
186094
186094
186094
186094
186094
186094
186094
186094
186094
184452
184452
184452
184452
184452
184452
184452
184452
184452
121011
121011
121011
121011
121011
121011
121011
121011
139324
139324
139324
139324
139324
139324
139324
139324
139324
72761
72761
72761
72761
72761
72761
72761
72761
72761
72941
72941
72941
72941
72941
72941
72941
72941
68857
68857
68857
68857
68857
68857
68857
68857
68857
89229
89229
89229
89229
89229
89229
89229
89229
59200
59200
59200
59200
59200
59200
59200
59200
78006
78006
78006
78006
78006
78006
78006
78006
79499
79499
79499
79499
79499
79499
79499
79499
80592
80592
80592
80592
80592
80592
80592
80592
59284
59284
59284
59284
59284
59284
59284
59284
59284
27791
27791
27791
27791
27791
27791
27791
27791
27791
12016
12016
12016
12016
12016
12016
12016
12016
12016
96349
96349
96349
96349
96349
96349
96349
96349
160237
160237
160237
160237
160237
160237
160237
160237
160237
161688
161688
161688
161688
161688
161688
161688
161688
161688
161939
161939
161939
161939
161939
161939
161939
161939
161939
99598
99598
99598
99598
99598
99598
99598
99598
99598
179353
179353
179353
179353
179353
179353
179353
179353
179353
119328
119328
119328
119328
119328
119328
119328
119328
119328
109599
109599
109599
109599
109599
109599
109599
109599
109599
107888
107888
107888
107888
107888
107888
107888
107888
132397
132397
132397
132397
132397
132397
132397
132397
132397
145897
145897
145897
145897
145897
145897
145897
145897
145897
95538
95538
95538
95538
95538
95538
95538
95538
22418
22418
22418
22418
22418
22418
22418
22418
22418
15100
15100
15100
15100
15100
15100
15100
15100
27729
27729
27729
27729
27729
27729
27729
27729
27729
52554
52554
52554
52554
52554
52554
52554
52554
52554
51159
51159
51159
51159
51159
51159
51159
51159
51159
40809
40809
40809
40809
40809
40809
40809
40809
181261
181261
181261
181261
181261
181261
181261
181261
173986
173986
173986
173986
173986
173986
173986
173986
171067
171067
171067
171067
171067
171067
171067
171067
166498
166498
166498
166498
166498
166498
166498
166498
166498
165595
165595
165595
165595
165595
165595
165595
165595
165138
165138
165138
165138
165138
165138
165138
165138
164353
164353
164353
164353
164353
164353
164353
164353
179457
179457
179457
179457
179457
179457
179457
179457
105233
105233
105233
105233
105233
105233
105233
105233
105233
202307
202307
202307
202307
202307
202307
202307
202307
202307
200548
200548
200548
200548
200548
200548
200548
200548
200548
192201
192201
192201
192201
192201
192201
192201
192201
192201
184883
184883
184883
184883
184883
184883
184883
184883
166269
166269
166269
166269
166269
166269
166269
166269
126671
126671
126671
126671
126671
126671
126671
126671
127980
127980
127980
127980
127980
127980
127980
127980
105646
105646
105646
105646
105646
105646
105646
105646
105646
153446
153446
153446
153446
153446
153446
153446
153446
153396
153396
153396
153396
153396
153396
153396
153396
136893
136893
136893
136893
136893
136893
136893
136893
136893
99713
99713
99713
99713
99713
99713
99713
99713
90998
90998
90998
90998
90998
90998
90998
90998
85931
85931
85931
85931
85931
85931
85931
85931
23293
23293
23293
23293
23293
23293
23293
23293
23293
25226
25226
25226
25226
25226
25226
25226
25226
25226
5035
5035
5035
5035
5035
5035
5035
5035
29410
29410
29410
29410
29410
29410
29410
29410
29410
48714
48714
48714
48714
48714
48714
48714
48714
38248
38248
38248
38248
38248
38248
38248
38248
168446
168446
168446
168446
168446
168446
168446
168446
175325
175325
175325
175325
175325
175325
175325
175325
159636
159636
159636
159636
159636
159636
159636
159636
159636
163184
163184
163184
163184
163184
163184
163184
163184
182916
182916
182916
182916
182916
182916
182916
182916
182916
188228
188228
188228
188228
188228
188228
188228
188228
188228
192783
192783
192783
192783
192783
192783
192783
192783
192783
120841
120841
120841
120841
120841
120841
120841
120841
120841
121769
121769
121769
121769
121769
121769
121769
121769
121769
152502
152502
152502
152502
152502
152502
152502
152502
152502
71955
71955
71955
71955
71955
71955
71955
71955
77094
77094
77094
77094
77094
77094
77094
77094
77094
77586
77586
77586
77586
77586
77586
77586
77586
77586
63350
63350
63350
63350
63350
63350
63350
63350
96020
96020
96020
96020
96020
96020
96020
96020
96020
91777
91777
91777
91777
91777
91777
91777
91777
87383
87383
87383
87383
87383
87383
87383
87383
21482
21482
21482
21482
21482
21482
21482
21482
24199
24199
24199
24199
24199
24199
24199
24199
24199
3957
3957
3957
3957
3957
3957
3957
3957
3957
4435
4435
4435
4435
4435
4435
4435
4435
4435
6429
6429
6429
6429
6429
6429
6429
6429
170900
170900
170900
170900
170900
170900
170900
170900
170900
161722
161722
161722
161722
161722
161722
161722
161722
163215
163215
163215
163215
163215
163215
163215
163215
176958
176958
176958
176958
176958
176958
176958
176958
176958
198895
198895
198895
198895
198895
198895
198895
198895
198895
179103
179103
179103
179103
179103
179103
179103
179103
179550
179550
179550
179550
179550
179550
179550
179550
181809
181809
181809
181809
181809
181809
181809
181809
181809
184465
184465
184465
184465
184465
184465
184465
184465
128039
128039
128039
128039
128039
128039
128039
128039
128039
131649
131649
131649
131649
131649
131649
131649
131649
131649
153943
153943
153943
153943
153943
153943
153943
153943
112161
112161
112161
112161
112161
112161
112161
112161
112161
112260
112260
112260
112260
112260
112260
112260
112260
112260
116702
116702
116702
116702
116702
116702
116702
116702
146776
146776
146776
146776
146776
146776
146776
146776
147208
147208
147208
147208
147208
147208
147208
147208
142981
142981
142981
142981
142981
142981
142981
142981
142981
76428
76428
76428
76428
76428
76428
76428
76428
63502
63502
63502
63502
63502
63502
63502
63502
56582
56582
56582
56582
56582
56582
56582
56582
56582
93604
93604
93604
93604
93604
93604
93604
93604
98717
98717
98717
98717
98717
98717
98717
98717
98717
100982
100982
100982
100982
100982
100982
100982
100982
100982
85261
85261
85261
85261
85261
85261
85261
85261
85261
87097
87097
87097
87097
87097
87097
87097
87097
87097
25174
25174
25174
25174
25174
25174
25174
25174
14262
14262
14262
14262
14262
14262
14262
14262
8856
8856
8856
8856
8856
8856
8856
8856
8856
44697
44697
44697
44697
44697
44697
44697
44697
51212
51212
51212
51212
51212
51212
51212
51212
51212
32238
32238
32238
32238
32238
32238
32238
32238
36334
36334
36334
36334
36334
36334
36334
36334
36334
175149
175149
175149
175149
175149
175149
175149
175149
178295
178295
178295
178295
178295
178295
178295
178295
165431
165431
165431
165431
165431
165431
165431
165431
180667
180667
180667
180667
180667
180667
180667
180667
180667
196309
196309
196309
196309
196309
196309
196309
196309
189937
189937
189937
189937
189937
189937
189937
189937
189937
192746
192746
192746
192746
192746
192746
192746
192746
128724
128724
128724
128724
128724
128724
128724
128724
128724
149617
149617
149617
149617
149617
149617
149617
149617
150336
150336
150336
150336
150336
150336
150336
150336
150336
151731
151731
151731
151731
151731
151731
151731
151731
156657
156657
156657
156657
156657
156657
156657
156657
156657
139782
139782
139782
139782
139782
139782
139782
139782
144259
144259
144259
144259
144259
144259
144259
144259
144259
57973
57973
57973
57973
57973
57973
57973
57973
57973
97784
97784
97784
97784
97784
97784
97784
97784
97784
79892
79892
79892
79892
79892
79892
79892
79892
79892
86222
86222
86222
86222
86222
86222
86222
86222
86222
88553
88553
88553
88553
88553
88553
88553
88553
88553
50956
50956
50956
50956
50956
50956
50956
50956
50956
50198
50198
50198
50198
50198
50198
50198
50198
50198
153163
153163
153163
153163
153163
153163
153163
153163
153163
157383
157383
157383
157383
157383
157383
157383
157383
178027
178027
178027
178027
178027
178027
178027
178027
194239
194239
194239
194239
194239
194239
194239
194239
180082
180082
180082
180082
180082
180082
180082
180082
180082
180376
180376
180376
180376
180376
180376
180376
180376
180376
180420
180420
180420
180420
180420
180420
180420
180420
149486
149486
149486
149486
149486
149486
149486
149486
149486
115275
115275
115275
115275
115275
115275
115275
115275
115930
115930
115930
115930
115930
115930
115930
115930
115930
120249
120249
120249
120249
120249
120249
120249
120249
140276
140276
140276
140276
140276
140276
140276
140276
140276
145198
145198
145198
145198
145198
145198
145198
145198
135375
135375
135375
135375
135375
135375
135375
135375
109832
109832
109832
109832
109832
109832
109832
109832
118494
118494
118494
118494
118494
118494
118494
118494
120954
120954
120954
120954
120954
120954
120954
120954
117123
117123
117123
117123
117123
117123
117123
117123
117123
115574
115574
115574
115574
115574
115574
115574
115574
115574
114838
114838
114838
114838
114838
114838
114838
114838
77222
77222
77222
77222
77222
77222
77222
77222
77222
71978
71978
71978
71978
71978
71978
71978
71978
89002
89002
89002
89002
89002
89002
89002
89002
87304
87304
87304
87304
87304
87304
87304
87304
179034
179034
179034
179034
179034
179034
179034
179034
179034
175127
175127
175127
175127
175127
175127
175127
175127
173148
173148
173148
173148
173148
173148
173148
173148
184760
184760
184760
184760
184760
184760
184760
184760
201493
201493
201493
201493
201493
201493
201493
201493
201493
186325
186325
186325
186325
186325
186325
186325
186325
135664
135664
135664
135664
135664
135664
135664
135664
135664
163537
163537
163537
163537
163537
163537
163537
163537
160852
160852
160852
160852
160852
160852
160852
160852
160852
155135
155135
155135
155135
155135
155135
155135
155135
