136847
136847
136847
136847
136847
136847
136847
136847
136847
117783
117783
117783
117783
117783
117783
117783
117783
110276
110276
110276
110276
110276
110276
110276
110276
110276
23060
23060
23060
23060
23060
23060
23060
23060
29537
29537
29537
29537
29537
29537
29537
29537
81702
81702
81702
81702
81702
81702
81702
81702
81702
120768
120768
120768
120768
120768
120768
120768
120768
108129
108129
108129
108129
108129
108129
108129
108129
37644
37644
37644
37644
37644
37644
37644
37644
37644
36691
36691
36691
36691
36691
36691
36691
36691
36691
43210
43210
43210
43210
43210
43210
43210
43210
43210
121759
121759
121759
121759
121759
121759
121759
121759
121759
161893
161893
161893
161893
161893
161893
161893
161893
55177
55177
55177
55177
55177
55177
55177
55177
88124
88124
88124
88124
88124
88124
88124
88124
88124
71094
71094
71094
71094
71094
71094
71094
71094
50920
50920
50920
50920
50920
50920
50920
50920
50920
29367
29367
29367
29367
29367
29367
29367
29367
29367
16217
16217
16217
16217
16217
16217
16217
16217
16217
156021
156021
156021
156021
156021
156021
156021
156021
156021
136221
136221
136221
136221
136221
136221
136221
136221
79867
79867
79867
79867
79867
79867
79867
79867
80133
80133
80133
80133
80133
80133
80133
80133
80133
96653
96653
96653
96653
96653
96653
96653
96653
40276
40276
40276
40276
40276
40276
40276
40276
40276
101318
101318
101318
101318
101318
101318
101318
101318
163919
163919
163919
163919
163919
163919
163919
163919
123509
123509
123509
123509
123509
123509
123509
123509
84147
84147
84147
84147
84147
84147
84147
84147
84147
73102
73102
73102
73102
73102
73102
73102
73102
73102
44958
44958
44958
44958
44958
44958
44958
44958
44958
165500
165500
165500
165500
165500
165500
165500
165500
145069
145069
145069
145069
145069
145069
145069
145069
28949
28949
28949
28949
28949
28949
28949
28949
28949
27526
27526
27526
27526
27526
27526
27526
27526
178870
178870
178870
178870
178870
178870
178870
178870
145543
145543
145543
145543
145543
145543
145543
145543
143667
143667
143667
143667
143667
143667
143667
143667
106969
106969
106969
106969
106969
106969
106969
106969
106969
156009
156009
156009
156009
156009
156009
156009
156009
156009
139982
139982
139982
139982
139982
139982
139982
139982
56859
56859
56859
56859
56859
56859
56859
56859
56859
38357
38357
38357
38357
38357
38357
38357
38357
32864
32864
32864
32864
32864
32864
32864
32864
32864
10331
10331
10331
10331
10331
10331
10331
10331
10331
130386
130386
130386
130386
130386
130386
130386
130386
130386
83552
83552
83552
83552
83552
83552
83552
83552
104757
104757
104757
104757
104757
104757
104757
104757
104757
31800
31800
31800
31800
31800
31800
31800
31800
28986
28986
28986
28986
28986
28986
28986
28986
28986
341
341
341
341
341
341
341
341
341
96567
96567
96567
96567
96567
96567
96567
96567
96567
155532
155532
155532
155532
155532
155532
155532
155532
199613
199613
199613
199613
199613
199613
199613
199613
199613
144355
144355
144355
144355
144355
144355
144355
144355
144355
170229
170229
170229
170229
170229
170229
170229
170229
99515
99515
99515
99515
99515
99515
99515
99515
33555
33555
33555
33555
33555
33555
33555
33555
28040
28040
28040
28040
28040
28040
28040
28040
96325
96325
96325
96325
96325
96325
96325
96325
96325
32493
32493
32493
32493
32493
32493
32493
32493
44486
44486
44486
44486
44486
44486
44486
44486
44486
27428
27428
27428
27428
27428
27428
27428
27428
27428
15688
15688
15688
15688
15688
15688
15688
15688
81789
81789
81789
81789
81789
81789
81789
81789
81789
98900
98900
98900
98900
98900
98900
98900
98900
43695
43695
43695
43695
43695
43695
43695
43695
172700
172700
172700
172700
172700
172700
172700
172700
67933
67933
67933
67933
67933
67933
67933
67933
36134
36134
36134
36134
36134
36134
36134
36134
15968
15968
15968
15968
15968
15968
15968
15968
15968
2093
2093
2093
2093
2093
2093
2093
2093
2093
186586
186586
186586
186586
186586
186586
186586
186586
146341
146341
146341
146341
146341
146341
146341
146341
74274
74274
74274
74274
74274
74274
74274
74274
74274
36450
36450
36450
36450
36450
36450
36450
36450
36450
26566
26566
26566
26566
26566
26566
26566
26566
26566
151254
151254
151254
151254
151254
151254
151254
151254
43568
43568
43568
43568
43568
43568
43568
43568
29560
29560
29560
29560
29560
29560
29560
29560
29560
112009
112009
112009
112009
112009
112009
112009
112009
2361
2361
2361
2361
2361
2361
2361
2361
147745
147745
147745
147745
147745
147745
147745
147745
147745
56986
56986
56986
56986
56986
56986
56986
56986
56986
28366
28366
28366
28366
28366
28366
28366
28366
21923
21923
21923
21923
21923
21923
21923
21923
51151
51151
51151
51151
51151
51151
51151
51151
7065
7065
7065
7065
7065
7065
7065
7065
7065
18987
18987
18987
18987
18987
18987
18987
18987
26687
26687
26687
26687
26687
26687
26687
26687
26687
29263
29263
29263
29263
29263
29263
29263
29263
29583
29583
29583
29583
29583
29583
29583
29583
29583
160557
160557
160557
160557
160557
160557
160557
160557
160557
189000
189000
189000
189000
189000
189000
189000
189000
189000
198047
198047
198047
198047
198047
198047
198047
198047
198047
132829
132829
132829
132829
132829
132829
132829
132829
155995
155995
155995
155995
155995
155995
155995
155995
55007
55007
55007
55007
55007
55007
55007
55007
55007
34930
34930
34930
34930
34930
34930
34930
34930
30443
30443
30443
30443
30443
30443
30443
30443
30443
154670
154670
154670
154670
154670
154670
154670
154670
145134
145134
145134
145134
145134
145134
145134
145134
72759
72759
72759
72759
72759
72759
72759
72759
72759
198849
198849
198849
198849
198849
198849
198849
198849
190665
190665
190665
190665
190665
190665
190665
190665
190665
65268
65268
65268
65268
65268
65268
65268
65268
93975
93975
93975
93975
93975
93975
93975
93975
85928
85928
85928
85928
85928
85928
85928
85928
85928
153069
153069
153069
153069
153069
153069
153069
153069
153069
189915
189915
189915
189915
189915
189915
189915
189915
113312
113312
113312
113312
113312
113312
113312
113312
127766
127766
127766
127766
127766
127766
127766
127766
48177
48177
48177
48177
48177
48177
48177
48177
53617
53617
53617
53617
53617
53617
53617
53617
97342
97342
97342
97342
97342
97342
97342
97342
105274
105274
105274
105274
105274
105274
105274
105274
117819
117819
117819
117819
117819
117819
117819
117819
117819
176805
176805
176805
176805
176805
176805
176805
176805
184566
184566
184566
184566
184566
184566
184566
184566
184566
189371
189371
189371
189371
189371
189371
189371
189371
127358
127358
127358
127358
127358
127358
127358
127358
127358
149054
149054
149054
149054
149054
149054
149054
149054
150998
150998
150998
150998
150998
150998
150998
150998
150998
163307
163307
163307
163307
163307
163307
163307
163307
163307
148970
148970
148970
148970
148970
148970
148970
148970
148970
110863
110863
110863
110863
110863
110863
110863
110863
81728
81728
81728
81728
81728
81728
81728
81728
81728
70730
70730
70730
70730
70730
70730
70730
70730
70730
32432
32432
32432
32432
32432
32432
32432
32432
32432
20516
20516
20516
20516
20516
20516
20516
20516
13047
13047
13047
13047
13047
13047
13047
13047
12477
12477
12477
12477
12477
12477
12477
12477
158991
158991
158991
158991
158991
158991
158991
158991
158991
176349
176349
176349
176349
176349
176349
176349
176349
147365
147365
147365
147365
147365
147365
147365
147365
147365
124309
124309
124309
124309
124309
124309
124309
124309
132567
132567
132567
132567
132567
132567
132567
132567
132567
144593
144593
144593
144593
144593
144593
144593
144593
144593
104175
104175
104175
104175
104175
104175
104175
104175
104175
96520
96520
96520
96520
96520
96520
96520
96520
61054
61054
61054
61054
61054
61054
61054
61054
109880
109880
109880
109880
109880
109880
109880
109880
109880
1776
1776
1776
1776
1776
1776
1776
1776
1776
56622
56622
56622
56622
56622
56622
56622
56622
56622
111663
111663
111663
111663
111663
111663
111663
111663
146749
146749
146749
146749
146749
146749
146749
146749
69627
69627
69627
69627
69627
69627
69627
69627
69627
36882
36882
36882
36882
36882
36882
36882
36882
36882
37113
37113
37113
37113
37113
37113
37113
37113
111859
111859
111859
111859
111859
111859
111859
111859
153033
153033
153033
153033
153033
153033
153033
153033
153033
145268
145268
145268
145268
145268
145268
145268
145268
138599
138599
138599
138599
138599
138599
138599
138599
138599
57175
57175
57175
57175
57175
57175
57175
57175
93683
93683
93683
93683
93683
93683
93683
93683
103831
103831
103831
103831
103831
103831
103831
103831
103831
175254
175254
175254
175254
175254
175254
175254
175254
175254
181082
181082
181082
181082
181082
181082
181082
181082
117528
117528
117528
117528
117528
117528
117528
117528
117528
130520
130520
130520
130520
130520
130520
130520
130520
136712
136712
136712
136712
136712
136712
136712
136712
166107
166107
166107
166107
166107
166107
166107
166107
166107
52938
52938
52938
52938
52938
52938
52938
52938
59853
59853
59853
59853
59853
59853
59853
59853
59853
34896
34896
34896
34896
34896
34896
34896
34896
153412
153412
153412
153412
153412
153412
153412
153412
153700
153700
153700
153700
153700
153700
153700
153700
153700
201462
201462
201462
201462
201462
201462
201462
201462
201462
135613
135613
135613
135613
135613
135613
135613
135613
135613
83247
83247
83247
83247
83247
83247
83247
83247
93521
93521
93521
93521
93521
93521
93521
93521
93521
57195
57195
57195
57195
57195
57195
57195
57195
26124
26124
26124
26124
26124
26124
26124
26124
26124
36279
36279
36279
36279
36279
36279
36279
36279
36279
37046
37046
37046
37046
37046
37046
37046
37046
37046
173556
173556
173556
173556
173556
173556
173556
173556
173556
52853
52853
52853
52853
52853
52853
52853
52853
8078
8078
8078
8078
8078
8078
8078
8078
8078
9745
9745
9745
9745
9745
9745
9745
9745
9745
20679
20679
20679
20679
20679
20679
20679
20679
20679
26516
26516
26516
26516
26516
26516
26516
26516
147078
147078
147078
147078
147078
147078
147078
147078
171091
171091
171091
171091
171091
171091
171091
171091
98917
98917
98917
98917
98917
98917
98917
98917
98917
57915
57915
57915
57915
57915
57915
57915
57915
53119
53119
53119
53119
53119
53119
53119
53119
103104
103104
103104
103104
103104
103104
103104
103104
103104
2147
2147
2147
2147
2147
2147
2147
2147
2147
5108
5108
5108
5108
5108
5108
5108
5108
5108
46609
46609
46609
46609
46609
46609
46609
46609
46609
195909
195909
195909
195909
195909
195909
195909
195909
195909
118450
118450
118450
118450
118450
118450
118450
118450
128958
128958
128958
128958
128958
128958
128958
128958
51242
51242
51242
51242
51242
51242
51242
51242
49243
49243
49243
49243
49243
49243
49243
49243
61864
61864
61864
61864
61864
61864
61864
61864
61864
86026
86026
86026
86026
86026
86026
86026
86026
75322
75322
75322
75322
75322
75322
75322
75322
75322
21103
21103
21103
21103
21103
21103
21103
21103
21103
87461
87461
87461
87461
87461
87461
87461
87461
87461
164061
164061
164061
164061
164061
164061
164061
164061
101236
101236
101236
101236
101236
101236
101236
101236
56536
56536
56536
56536
56536
56536
56536
56536
54633
54633
54633
54633
54633
54633
54633
54633
54633
67557
67557
67557
67557
67557
67557
67557
67557
67557
71977
71977
71977
71977
71977
71977
71977
71977
71977
85374
85374
85374
85374
85374
85374
85374
85374
85374
41991
41991
41991
41991
41991
41991
41991
41991
41991
1287
1287
1287
1287
1287
1287
1287
1287
1287
15833
15833
15833
15833
15833
15833
15833
15833
26841
26841
26841
26841
26841
26841
26841
26841
26841
188681
188681
188681
188681
188681
188681
188681
188681
188681
153031
153031
153031
153031
153031
153031
153031
153031
139996
139996
139996
139996
139996
139996
139996
139996
139996
54157
54157
54157
54157
54157
54157
54157
54157
54157
84853
84853
84853
84853
84853
84853
84853
84853
84853
98136
98136
98136
98136
98136
98136
98136
98136
98136
21315
21315
21315
21315
21315
21315
21315
21315
21315
3887
3887
3887
3887
3887
3887
3887
3887
12844
12844
12844
12844
12844
12844
12844
12844
13628
13628
13628
13628
13628
13628
13628
13628
191978
191978
191978
191978
191978
191978
191978
191978
191978
163958
163958
163958
163958
163958
163958
163958
163958
200475
200475
200475
200475
200475
200475
200475
200475
200475
170004
170004
170004
170004
170004
170004
170004
170004
177586
177586
177586
177586
177586
177586
177586
177586
177586
202289
202289
202289
202289
202289
202289
202289
202289
202289
126255
126255
126255
126255
126255
126255
126255
126255
45173
45173
45173
45173
45173
45173
45173
45173
40002
40002
40002
40002
40002
40002
40002
40002
40979
40979
40979
40979
40979
40979
40979
40979
2417
2417
2417
2417
2417
2417
2417
2417
2417
37972
37972
37972
37972
37972
37972
37972
37972
6712
6712
6712
6712
6712
6712
6712
6712
18012
18012
18012
18012
18012
18012
18012
18012
18012
26717
26717
26717
26717
26717
26717
26717
26717
167918
167918
167918
167918
167918
167918
167918
167918
167918
87083
87083
87083
87083
87083
87083
87083
87083
88231
88231
88231
88231
88231
88231
88231
88231
88231
102416
102416
102416
102416
102416
102416
102416
102416
102416
137113
137113
137113
137113
137113
137113
137113
137113
59586
59586
59586
59586
59586
59586
59586
59586
59586
87404
87404
87404
87404
87404
87404
87404
87404
87404
2559
2559
2559
2559
2559
2559
2559
2559
31075
31075
31075
31075
31075
31075
31075
31075
31075
39799
39799
39799
39799
39799
39799
39799
39799
39799
168342
168342
168342
168342
168342
168342
168342
168342
170091
170091
170091
170091
170091
170091
170091
170091
170091
171044
171044
171044
171044
171044
171044
171044
171044
181739
181739
181739
181739
181739
181739
181739
181739
181739
188866
188866
188866
188866
188866
188866
188866
188866
188866
191493
191493
191493
191493
191493
191493
191493
191493
191493
167942
167942
167942
167942
167942
167942
167942
167942
125015
125015
125015
125015
125015
125015
125015
125015
125015
112115
112115
112115
112115
112115
112115
112115
112115
112115
148292
148292
148292
148292
148292
148292
148292
148292
134939
134939
134939
134939
134939
134939
134939
134939
55577
55577
55577
55577
55577
55577
55577
55577
54449
54449
54449
54449
54449
54449
54449
54449
103963
103963
103963
103963
103963
103963
103963
103963
103963
1104
1104
1104
1104
1104
1104
1104
1104
180111
180111
180111
180111
180111
180111
180111
180111
180111
177682
177682
177682
177682
177682
177682
177682
177682
120343
120343
120343
120343
120343
120343
120343
120343
120343
126906
126906
126906
126906
126906
126906
126906
126906
147513
147513
147513
147513
147513
147513
147513
147513
140590
140590
140590
140590
140590
140590
140590
140590
132570
132570
132570
132570
132570
132570
132570
132570
132570
58389
58389
58389
58389
58389
58389
58389
58389
58389
71702
71702
71702
71702
71702
71702
71702
71702
71702
97654
97654
97654
97654
97654
97654
97654
97654
16963
16963
16963
16963
16963
16963
16963
16963
18751
18751
18751
18751
18751
18751
18751
18751
18751
30112
30112
30112
30112
30112
30112
30112
30112
40652
40652
40652
40652
40652
40652
40652
40652
40652
165751
165751
165751
165751
165751
165751
165751
165751
165751
182537
182537
182537
182537
182537
182537
182537
182537
118783
118783
118783
118783
118783
118783
118783
118783
118783
110224
110224
110224
110224
110224
110224
110224
110224
75222
75222
75222
75222
75222
75222
75222
75222
53909
53909
53909
53909
53909
53909
53909
53909
53909
90071
90071
90071
90071
90071
90071
90071
90071
90071
85001
85001
85001
85001
85001
85001
85001
85001
85001
81581
81581
81581
81581
81581
81581
81581
81581
10763
10763
10763
10763
10763
10763
10763
10763
5785
5785
5785
5785
5785
5785
5785
5785
2310
2310
2310
2310
2310
2310
2310
2310
951
951
951
951
951
951
951
951
951
25747
25747
25747
25747
25747
25747
25747
25747
186221
186221
186221
186221
186221
186221
186221
186221
182683
182683
182683
182683
182683
182683
182683
182683
182683
115305
115305
115305
115305
115305
115305
115305
115305
115305
111675
111675
111675
111675
111675
111675
111675
111675
111675
132715
132715
132715
132715
132715
132715
132715
132715
87935
87935
87935
87935
87935
87935
87935
87935
87982
87982
87982
87982
87982
87982
87982
87982
87982
92377
92377
92377
92377
92377
92377
92377
92377
19402
19402
19402
19402
19402
19402
19402
19402
53820
53820
53820
53820
53820
53820
53820
53820
53820
190106
190106
190106
190106
190106
190106
190106
190106
152557
152557
152557
152557
152557
152557
152557
152557
133011
133011
133011
133011
133011
133011
133011
133011
127535
127535
127535
127535
127535
127535
127535
127535
127535
134872
134872
134872
134872
134872
134872
134872
134872
143174
143174
143174
143174
143174
143174
143174
143174
143174
136991
136991
136991
136991
136991
136991
136991
136991
136991
81015
81015
81015
81015
81015
81015
81015
81015
81015
89259
89259
89259
89259
89259
89259
89259
89259
106151
106151
106151
106151
106151
106151
106151
106151
48385
48385
48385
48385
48385
48385
48385
48385
48385
10839
10839
10839
10839
10839
10839
10839
10839
6493
6493
6493
6493
6493
6493
6493
6493
6493
47147
47147
47147
47147
47147
47147
47147
47147
46774
46774
46774
46774
46774
46774
46774
46774
46774
40204
40204
40204
40204
40204
40204
40204
40204
40204
36419
36419
36419
36419
36419
36419
36419
36419
36419
109808
109808
109808
109808
109808
109808
109808
109808
174563
174563
174563
174563
174563
174563
174563
174563
174563
164962
164962
164962
164962
164962
164962
164962
164962
200101
200101
200101
200101
200101
200101
200101
200101
200101
194043
194043
194043
194043
194043
194043
194043
194043
192334
192334
192334
192334
192334
192334
192334
192334
192334
146294
146294
146294
146294
146294
146294
146294
146294
146294
69138
69138
69138
69138
69138
69138
69138
69138
52037
52037
52037
52037
52037
52037
52037
52037
52037
94332
94332
94332
94332
94332
94332
94332
94332
84966
84966
84966
84966
84966
84966
84966
84966
51266
51266
51266
51266
51266
51266
51266
51266
22511
22511
22511
22511
22511
22511
22511
22511
51192
51192
51192
51192
51192
51192
51192
51192
51192
35535
35535
35535
35535
35535
35535
35535
35535
35535
31546
31546
31546
31546
31546
31546
31546
31546
124292
124292
124292
124292
124292
124292
124292
124292
124292
109392
109392
109392
109392
109392
109392
109392
109392
104322
104322
104322
104322
104322
104322
104322
104322
104322
57290
57290
57290
57290
57290
57290
57290
57290
57290
78248
78248
78248
78248
78248
78248
78248
78248
20408
20408
20408
20408
20408
20408
20408
20408
17279
17279
17279
17279
17279
17279
17279
17279
17279
689
689
689
689
689
689
689
689
689
26266
26266
26266
26266
26266
26266
26266
26266
26195
26195
26195
26195
26195
26195
26195
26195
26195
85910
85910
85910
85910
85910
85910
85910
85910
85910
167764
167764
167764
167764
167764
167764
167764
167764
167764
158663
158663
158663
158663
158663
158663
158663
158663
158663
146145
146145
146145
146145
146145
146145
146145
146145
171140
171140
171140
171140
171140
171140
171140
171140
171140
201526
201526
201526
201526
201526
201526
201526
201526
142387
142387
142387
142387
142387
142387
142387
142387
142387
101138
101138
101138
101138
101138
101138
101138
101138
101138
99003
99003
99003
99003
99003
99003
99003
99003
99003
97345
97345
97345
97345
97345
97345
97345
97345
97345
131042
131042
131042
131042
131042
131042
131042
131042
128666
128666
128666
128666
128666
128666
128666
128666
64122
64122
64122
64122
64122
64122
64122
64122
64122
51862
51862
51862
51862
51862
51862
51862
51862
51862
108404
108404
108404
108404
108404
108404
108404
108404
105961
105961
105961
105961
105961
105961
105961
105961
105961
75655
75655
75655
75655
75655
75655
75655
75655
75655
21327
21327
21327
21327
21327
21327
21327
21327
10575
10575
10575
10575
10575
10575
10575
10575
813
813
813
813
813
813
813
813
25622
25622
25622
25622
25622
25622
25622
25622
25622
41720
41720
41720
41720
41720
41720
41720
41720
41720
36275
36275
36275
36275
36275
36275
36275
36275
171626
171626
171626
171626
171626
171626
171626
171626
181947
181947
181947
181947
181947
181947
181947
181947
181947
182693
182693
182693
182693
182693
182693
182693
182693
193560
193560
193560
193560
193560
193560
193560
193560
193560
181345
181345
181345
181345
181345
181345
181345
181345
181345
120462
120462
120462
120462
120462
120462
120462
120462
120462
130183
130183
130183
130183
130183
130183
130183
130183
130183
90175
90175
90175
90175
90175
90175
90175
90175
90175
85658
85658
85658
85658
85658
85658
85658
85658
4728
4728
4728
4728
4728
4728
4728
4728
4728
854
854
854
854
854
854
854
854
26907
26907
26907
26907
26907
26907
26907
26907
48632
48632
48632
48632
48632
48632
48632
48632
48632
29496
29496
29496
29496
29496
29496
29496
29496
177780
177780
177780
177780
177780
177780
177780
177780
165053
165053
165053
165053
165053
165053
165053
165053
184757
184757
184757
184757
184757
184757
184757
184757
184757
189218
189218
189218
189218
189218
189218
189218
189218
129741
129741
129741
129741
129741
129741
129741
129741
117808
117808
117808
117808
117808
117808
117808
117808
117808
101212
101212
101212
101212
101212
101212
101212
101212
155981
155981
155981
155981
155981
155981
155981
155981
155981
139785
139785
139785
139785
139785
139785
139785
139785
139785
145925
145925
145925
145925
145925
145925
145925
145925
145925
99931
99931
99931
99931
99931
99931
99931
99931
99931
25307
25307
25307
25307
25307
25307
25307
25307
25307
18562
18562
18562
18562
18562
18562
18562
18562
3583
3583
3583
3583
3583
3583
3583
3583
3583
178544
178544
178544
178544
178544
178544
178544
178544
178544
170033
170033
170033
170033
170033
170033
170033
170033
170033
115482
115482
115482
115482
115482
115482
115482
115482
115482
73122
73122
73122
73122
73122
73122
73122
73122
51418
51418
51418
51418
51418
51418
51418
51418
51418
84096
84096
84096
84096
84096
84096
84096
84096
84096
77382
77382
77382
77382
77382
77382
77382
77382
75501
75501
75501
75501
75501
75501
75501
75501
75501
50271
50271
50271
50271
50271
50271
50271
50271
50271
4822
4822
4822
4822
4822
4822
4822
4822
4822
139
139
139
139
139
139
139
139
139
22170
22170
22170
22170
22170
22170
22170
22170
22170
41768
41768
41768
41768
41768
41768
41768
41768
27945
27945
27945
27945
27945
27945
27945
27945
27945
161294
161294
161294
161294
161294
161294
161294
161294
154694
154694
154694
154694
154694
154694
154694
154694
115702
115702
115702
115702
115702
115702
115702
115702
115702
104762
104762
104762
104762
104762
104762
104762
104762
96667
96667
96667
96667
96667
96667
96667
96667
96667
124998
124998
124998
124998
124998
124998
124998
124998
133002
133002
133002
133002
133002
133002
133002
133002
129770
129770
129770
129770
129770
129770
129770
129770
62533
62533
62533
62533
62533
62533
62533
62533
49488
49488
49488
49488
49488
49488
49488
49488
49488
12693
12693
12693
12693
12693
12693
12693
12693
12693
15518
15518
15518
15518
15518
15518
15518
15518
15518
35949
35949
35949
35949
35949
35949
35949
35949
35949
185634
185634
185634
185634
185634
185634
185634
185634
185634
91110
91110
91110
91110
91110
91110
91110
91110
91110
149957
149957
149957
149957
149957
149957
149957
149957
167913
167913
167913
167913
167913
167913
167913
167913
167913
200219
200219
200219
200219
200219
200219
200219
200219
200219
116293
116293
116293
116293
116293
116293
116293
116293
116293
147592
147592
147592
147592
147592
147592
147592
147592
147592
138360
138360
138360
138360
138360
138360
138360
138360
138360
130283
130283
130283
130283
130283
130283
130283
130283
72878
72878
72878
72878
72878
72878
72878
72878
80929
80929
80929
80929
80929
80929
80929
80929
67218
67218
67218
67218
67218
67218
67218
67218
102277
102277
102277
102277
102277
102277
102277
102277
100344
100344
100344
100344
100344
100344
100344
100344
7618
7618
7618
7618
7618
7618
7618
7618
43371
43371
43371
43371
43371
43371
43371
43371
42177
42177
42177
42177
42177
42177
42177
42177
32749
32749
32749
32749
32749
32749
32749
32749
32749
170338
170338
170338
170338
170338
170338
170338
170338
158713
158713
158713
158713
158713
158713
158713
158713
158713
201559
201559
201559
201559
201559
201559
201559
201559
201559
194265
194265
194265
194265
194265
194265
194265
194265
194265
180341
180341
180341
180341
180341
180341
180341
180341
180341
108328
108328
108328
108328
108328
108328
108328
108328
108328
47793
47793
47793
47793
47793
47793
47793
47793
47793
94931
94931
94931
94931
94931
94931
94931
94931
94931
78765
78765
78765
78765
78765
78765
78765
78765
78765
43018
43018
43018
43018
43018
43018
43018
43018
31180
31180
31180
31180
31180
31180
31180
31180
164996
164996
164996
164996
164996
164996
164996
164996
164996
96421
96421
96421
96421
96421
96421
96421
96421
96421
111598
111598
111598
111598
111598
111598
111598
111598
111598
138820
138820
138820
138820
138820
138820
138820
138820
138820
66249
66249
66249
66249
66249
66249
66249
66249
65882
65882
65882
65882
65882
65882
65882
65882
65882
65150
65150
65150
65150
65150
65150
65150
65150
65150
94624
94624
94624
94624
94624
94624
94624
94624
94624
80286
80286
80286
80286
80286
80286
80286
80286
80286
45590
45590
45590
45590
45590
45590
45590
45590
44452
44452
44452
44452
44452
44452
44452
44452
30059
30059
30059
30059
30059
30059
30059
30059
30059
184501
184501
184501
184501
184501
184501
184501
184501
184501
200402
200402
200402
200402
200402
200402
200402
200402
197020
197020
197020
197020
197020
197020
197020
197020
197020
192188
192188
192188
192188
192188
192188
192188
192188
192188
151124
151124
151124
151124
151124
151124
151124
151124
151124
130004
130004
130004
130004
130004
130004
130004
130004
130004
148310
148310
148310
148310
148310
148310
148310
148310
139243
139243
139243
139243
139243
139243
139243
139243
138692
138692
138692
138692
138692
138692
138692
138692
138692
82535
82535
82535
82535
82535
82535
82535
82535
74876
74876
74876
74876
74876
74876
74876
74876
74876
63498
63498
63498
63498
63498
63498
63498
63498
63498
16001
16001
16001
16001
16001
16001
16001
16001
16001
7357
7357
7357
7357
7357
7357
7357
7357
59471
59471
59471
59471
59471
59471
59471
59471
58642
58642
58642
58642
58642
58642
58642
58642
54459
54459
54459
54459
54459
54459
54459
54459
54459
178698
178698
178698
178698
178698
178698
178698
178698
178698
186286
186286
186286
186286
186286
186286
186286
186286
190074
190074
190074
190074
190074
190074
190074
190074
186728
186728
186728
186728
186728
186728
186728
186728
133843
133843
133843
133843
133843
133843
133843
133843
122171
122171
122171
122171
122171
122171
122171
122171
157352
157352
157352
157352
157352
157352
157352
157352
150668
150668
150668
150668
150668
150668
150668
150668
137662
137662
137662
137662
137662
137662
137662
137662
146480
146480
146480
146480
146480
146480
146480
146480
146480
53001
53001
53001
53001
53001
53001
53001
53001
70404
70404
70404
70404
70404
70404
70404
70404
70404
11862
11862
11862
11862
11862
11862
11862
11862
3485
3485
3485
3485
3485
3485
3485
3485
25222
25222
25222
25222
25222
25222
25222
25222
148295
148295
148295
148295
148295
148295
148295
148295
148295
202596
202596
202596
202596
202596
202596
202596
202596
193745
193745
193745
193745
193745
193745
193745
193745
174351
174351
174351
174351
174351
174351
174351
174351
181764
181764
181764
181764
181764
181764
181764
181764
181764
96525
96525
96525
96525
96525
96525
96525
96525
96525
92690
92690
92690
92690
92690
92690
92690
92690
92690
134210
134210
134210
134210
134210
134210
134210
134210
134210
64696
64696
64696
64696
64696
64696
64696
64696
57630
57630
57630
57630
57630
57630
57630
57630
90748
90748
90748
90748
90748
90748
90748
90748
89596
89596
89596
89596
89596
89596
89596
89596
87381
87381
87381
87381
87381
87381
87381
87381
87381
17415
17415
17415
17415
17415
17415
17415
17415
17415
16277
16277
16277
16277
16277
16277
16277
16277
16277
22601
22601
22601
22601
22601
22601
22601
22601
22601
5942
5942
5942
5942
5942
5942
5942
5942
5942
3802
3802
3802
3802
3802
3802
3802
3802
3802
2462
2462
2462
2462
2462
2462
2462
2462
2462
94670
94670
94670
94670
94670
94670
94670
94670
94670
34971
34971
34971
34971
34971
34971
34971
34971
34971
34328
34328
34328
34328
34328
34328
34328
34328
95356
95356
95356
95356
95356
95356
95356
95356
155582
155582
155582
155582
155582
155582
155582
155582
155582
196668
196668
196668
196668
196668
196668
196668
196668
196668
187875
187875
187875
187875
187875
187875
187875
187875
186987
186987
186987
186987
186987
186987
186987
186987
111595
111595
111595
111595
111595
111595
111595
111595
111595
99872
99872
99872
99872
99872
99872
99872
99872
137229
137229
137229
137229
137229
137229
137229
137229
128709
128709
128709
128709
128709
128709
128709
128709
128709
77427
77427
77427
77427
77427
77427
77427
77427
76502
76502
76502
76502
76502
76502
76502
76502
76502
50581
50581
50581
50581
50581
50581
50581
50581
89702
89702
89702
89702
89702
89702
89702
89702
82145
82145
82145
82145
82145
82145
82145
82145
82145
17848
17848
17848
17848
17848
17848
17848
17848
8009
8009
8009
8009
8009
8009
8009
8009
8009
2776
2776
2776
2776
2776
2776
2776
2776
2776
23578
23578
23578
23578
23578
23578
23578
23578
23578
161261
161261
161261
161261
161261
161261
161261
161261
159300
159300
159300
159300
159300
159300
159300
159300
192524
192524
192524
192524
192524
192524
192524
192524
192524
186094
186094
186094
186094
186094
186094
186094
186094
186094
184452
184452
184452
184452
184452
184452
184452
184452
184452
127628
127628
127628
127628
127628
127628
127628
127628
127628
121011
121011
121011
121011
121011
121011
121011
121011
72761
72761
72761
72761
72761
72761
72761
72761
72761
72941
72941
72941
72941
72941
72941
72941
72941
68857
68857
68857
68857
68857
68857
68857
68857
68857
65312
65312
65312
65312
65312
65312
65312
65312
65312
67983
67983
67983
67983
67983
67983
67983
67983
67983
89229
89229
89229
89229
89229
89229
89229
89229
95132
95132
95132
95132
95132
95132
95132
95132
95132
59200
59200
59200
59200
59200
59200
59200
59200
78006
78006
78006
78006
78006
78006
78006
78006
79499
79499
79499
79499
79499
79499
79499
79499
59284
59284
59284
59284
59284
59284
59284
59284
59284
27791
27791
27791
27791
27791
27791
27791
27791
27791
30239
30239
30239
30239
30239
30239
30239
30239
51427
51427
51427
51427
51427
51427
51427
51427
51427
96349
96349
96349
96349
96349
96349
96349
96349
170716
170716
170716
170716
170716
170716
170716
170716
170716
160237
160237
160237
160237
160237
160237
160237
160237
160237
161688
161688
161688
161688
161688
161688
161688
161688
161688
99598
99598
99598
99598
99598
99598
99598
99598
99598
179353
179353
179353
179353
179353
179353
179353
179353
179353
119328
119328
119328
119328
119328
119328
119328
119328
119328
120504
120504
120504
120504
120504
120504
120504
120504
109599
109599
109599
109599
109599
109599
109599
109599
109599
107888
107888
107888
107888
107888
107888
107888
107888
145897
145897
145897
145897
145897
145897
145897
145897
145897
95538
95538
95538
95538
95538
95538
95538
95538
22418
22418
22418
22418
22418
22418
22418
22418
22418
9388
9388
9388
9388
9388
9388
9388
9388
9388
27729
27729
27729
27729
27729
27729
27729
27729
27729
52554
52554
52554
52554
52554
52554
52554
52554
52554
51159
51159
51159
51159
51159
51159
51159
51159
51159
40809
40809
40809
40809
40809
40809
40809
40809
37040
37040
37040
37040
37040
37040
37040
37040
181261
181261
181261
181261
181261
181261
181261
181261
171067
171067
171067
171067
171067
171067
171067
171067
166498
166498
166498
166498
166498
166498
166498
166498
166498
165595
165595
165595
165595
165595
165595
165595
165595
165138
165138
165138
165138
165138
165138
165138
165138
164353
164353
164353
164353
164353
164353
164353
164353
179457
179457
179457
179457
179457
179457
179457
179457
105233
105233
105233
105233
105233
105233
105233
105233
105233
202307
202307
202307
202307
202307
202307
202307
202307
202307
200548
200548
200548
200548
200548
200548
200548
200548
200548
184883
184883
184883
184883
184883
184883
184883
184883
166269
166269
166269
166269
166269
166269
166269
166269
126671
126671
126671
126671
126671
126671
126671
126671
119780
119780
119780
119780
119780
119780
119780
119780
119780
127980
127980
127980
127980
127980
127980
127980
127980
105646
105646
105646
105646
105646
105646
105646
105646
105646
153396
153396
153396
153396
153396
153396
153396
153396
136893
136893
136893
136893
136893
136893
136893
136893
136893
72135
72135
72135
72135
72135
72135
72135
72135
72135
90998
90998
90998
90998
90998
90998
90998
90998
25226
25226
25226
25226
25226
25226
25226
25226
25226
5035
5035
5035
5035
5035
5035
5035
5035
48714
48714
48714
48714
48714
48714
48714
48714
38248
38248
38248
38248
38248
38248
38248
38248
168446
168446
168446
168446
168446
168446
168446
168446
163184
163184
163184
163184
163184
163184
163184
163184
182916
182916
182916
182916
182916
182916
182916
182916
182916
199344
199344
199344
199344
199344
199344
199344
199344
188228
188228
188228
188228
188228
188228
188228
188228
188228
192783
192783
192783
192783
192783
192783
192783
192783
192783
120841
120841
120841
120841
120841
120841
120841
120841
120841
152502
152502
152502
152502
152502
152502
152502
152502
152502
153469
153469
153469
153469
153469
153469
153469
153469
153469
71955
71955
71955
71955
71955
71955
71955
71955
77094
77094
77094
77094
77094
77094
77094
77094
77094
77586
77586
77586
77586
77586
77586
77586
77586
77586
63350
63350
63350
63350
63350
63350
63350
63350
96020
96020
96020
96020
96020
96020
96020
96020
96020
87383
87383
87383
87383
87383
87383
87383
87383
21482
21482
21482
21482
21482
21482
21482
21482
24199
24199
24199
24199
24199
24199
24199
24199
24199
3957
3957
3957
3957
3957
3957
3957
3957
3957
4435
4435
4435
4435
4435
4435
4435
4435
4435
49898
49898
49898
49898
49898
49898
49898
49898
49898
34037
34037
34037
34037
34037
34037
34037
34037
34037
107717
107717
107717
107717
107717
107717
107717
107717
170900
170900
170900
170900
170900
170900
170900
170900
170900
163215
163215
163215
163215
163215
163215
163215
163215
176958
176958
176958
176958
176958
176958
176958
176958
176958
198895
198895
198895
198895
198895
198895
198895
198895
198895
179103
179103
179103
179103
179103
179103
179103
179103
179550
179550
179550
179550
179550
179550
179550
179550
181809
181809
181809
181809
181809
181809
181809
181809
181809
184465
184465
184465
184465
184465
184465
184465
184465
128039
128039
128039
128039
128039
128039
128039
128039
128039
131649
131649
131649
131649
131649
131649
131649
131649
131649
153943
153943
153943
153943
153943
153943
153943
153943
112161
112161
112161
112161
112161
112161
112161
112161
112161
116702
116702
116702
116702
116702
116702
116702
116702
146776
146776
146776
146776
146776
146776
146776
146776
147176
147176
147176
147176
147176
147176
147176
147176
147176
142981
142981
142981
142981
142981
142981
142981
142981
142981
76428
76428
76428
76428
76428
76428
76428
76428
63502
63502
63502
63502
63502
63502
63502
63502
56582
56582
56582
56582
56582
56582
56582
56582
56582
93604
93604
93604
93604
93604
93604
93604
93604
98717
98717
98717
98717
98717
98717
98717
98717
98717
100982
100982
100982
100982
100982
100982
100982
100982
100982
85261
85261
85261
85261
85261
85261
85261
85261
85261
92946
92946
92946
92946
92946
92946
92946
92946
87097
87097
87097
87097
87097
87097
87097
87097
87097
21722
21722
21722
21722
21722
21722
21722
21722
21722
25174
25174
25174
25174
25174
25174
25174
25174
8856
8856
8856
8856
8856
8856
8856
8856
8856
11543
11543
11543
11543
11543
11543
11543
11543
11543
28947
28947
28947
28947
28947
28947
28947
28947
28947
44157
44157
44157
44157
44157
44157
44157
44157
44697
44697
44697
44697
44697
44697
44697
44697
51212
51212
51212
51212
51212
51212
51212
51212
51212
32238
32238
32238
32238
32238
32238
32238
32238
36334
36334
36334
36334
36334
36334
36334
36334
36334
175149
175149
175149
175149
175149
175149
175149
175149
165431
165431
165431
165431
165431
165431
165431
165431
180667
180667
180667
180667
180667
180667
180667
180667
180667
189937
189937
189937
189937
189937
189937
189937
189937
189937
192746
192746
192746
192746
192746
192746
192746
192746
149617
149617
149617
149617
149617
149617
149617
149617
150336
150336
150336
150336
150336
150336
150336
150336
150336
151731
151731
151731
151731
151731
151731
151731
151731
156657
156657
156657
156657
156657
156657
156657
156657
156657
138248
138248
138248
138248
138248
138248
138248
138248
138248
139782
139782
139782
139782
139782
139782
139782
139782
144259
144259
144259
144259
144259
144259
144259
144259
144259
53956
53956
53956
53956
53956
53956
53956
53956
53956
54274
54274
54274
54274
54274
54274
54274
54274
57973
57973
57973
57973
57973
57973
57973
57973
57973
79892
79892
79892
79892
79892
79892
79892
79892
79892
80274
80274
80274
80274
80274
80274
80274
80274
80274
81110
81110
81110
81110
81110
81110
81110
81110
88553
88553
88553
88553
88553
88553
88553
88553
88553
50956
50956
50956
50956
50956
50956
50956
50956
50956
50198
50198
50198
50198
50198
50198
50198
50198
50198
153163
153163
153163
153163
153163
153163
153163
153163
153163
157383
157383
157383
157383
157383
157383
157383
157383
178027
178027
178027
178027
178027
178027
178027
178027
180376
180376
180376
180376
180376
180376
180376
180376
180376
180420
180420
180420
180420
180420
180420
180420
180420
149486
149486
149486
149486
149486
149486
149486
149486
149486
115930
115930
115930
115930
115930
115930
115930
115930
115930
120249
120249
120249
120249
120249
120249
120249
120249
127629
127629
127629
127629
127629
127629
127629
127629
145198
145198
145198
145198
145198
145198
145198
145198
135375
135375
135375
135375
135375
135375
135375
135375
109832
109832
109832
109832
109832
109832
109832
109832
118494
118494
118494
118494
118494
118494
118494
118494
118311
118311
118311
118311
118311
118311
118311
118311
120954
120954
120954
120954
120954
120954
120954
120954
117123
117123
117123
117123
117123
117123
117123
117123
117123
115574
115574
115574
115574
115574
115574
115574
115574
115574
114838
114838
114838
114838
114838
114838
114838
114838
77222
77222
77222
77222
77222
77222
77222
77222
77222
71978
71978
71978
71978
71978
71978
71978
71978
83730
83730
83730
83730
83730
83730
83730
83730
83730
89002
89002
89002
89002
89002
89002
89002
89002
87304
87304
87304
87304
87304
87304
87304
87304
179034
179034
179034
179034
179034
179034
179034
179034
179034
175127
175127
175127
175127
175127
175127
175127
175127
184760
184760
184760
184760
184760
184760
184760
184760
201493
201493
201493
201493
201493
201493
201493
201493
201493
201052
201052
201052
201052
201052
201052
201052
201052
188184
188184
188184
188184
188184
188184
188184
188184
188184
186325
186325
186325
186325
186325
186325
186325
186325
135664
135664
135664
135664
135664
135664
135664
135664
135664
163537
163537
163537
163537
163537
163537
163537
163537
160852
160852
160852
160852
160852
160852
160852
160852
160852
